# Projection parameters: epsg.io/3005
study_proj <- "EPSG:3005"

# Study years
study_years <- c(2017, 2018, 2021)
